9.999907e-01 -2.617212e-03 -3.436526e-03 -4.114938e-05 2.609893e-03 9.999943e-01 -2.132495e-03 -5.428960e-03 3.442087e-03 2.123506e-03 9.999918e-01 6.796765e-01
9.999686e-01 -1.375366e-03 -7.803393e-03 -3.395336e-03 1.343704e-03 9.999909e-01 -4.061220e-03 -2.484878e-03 7.808907e-03 4.050608e-03 9.999613e-01 1.375868e+00
9.999331e-01 -1.116193e-03 -1.150894e-02 -2.336157e-02 1.055601e-03 9.999856e-01 -5.269511e-03 -1.186614e-02 1.151465e-02 5.257010e-03 9.999199e-01 2.092187e+00
9.998636e-01 3.857455e-04 -1.651023e-02 -4.268893e-02 -4.839154e-04 9.999822e-01 -5.942422e-03 -1.856608e-02 1.650765e-02 5.949601e-03 9.998460e-01 2.823034e+00
9.997711e-01 -8.060683e-04 -2.137818e-02 -5.489483e-02 6.699885e-04 9.999795e-01 -6.371753e-03 -2.653757e-02 2.138288e-02 6.355971e-03 9.997512e-01 3.571209e+00
9.996686e-01 9.978107e-04 -2.572388e-02 -9.026884e-02 -1.197721e-03 9.999692e-01 -7.757145e-03 -3.343196e-02 2.571534e-02 7.785384e-03 9.996390e-01 4.339521e+00
9.995225e-01 3.631150e-03 -3.068632e-02 -1.238813e-01 -3.913667e-03 9.999505e-01 -9.151594e-03 -2.833494e-02 3.065157e-02 9.267319e-03 9.994872e-01 5.114828e+00
9.993839e-01 3.740497e-03 -3.489798e-02 -1.623796e-01 -4.014102e-03 9.999617e-01 -7.773362e-03 -2.965596e-02 3.486756e-02 7.908656e-03 9.993606e-01 5.899172e+00
9.991874e-01 2.869684e-03 -4.020399e-02 -1.805042e-01 -3.065679e-03 9.999837e-01 -4.814196e-03 -4.668908e-02 4.018952e-02 4.933537e-03 9.991799e-01 6.713430e+00
9.990237e-01 2.432204e-03 -4.411136e-02 -2.131504e-01 -2.539121e-03 9.999940e-01 -2.367918e-03 -5.333305e-02 4.410533e-02 2.477611e-03 9.990238e-01 7.535370e+00
9.988706e-01 3.958992e-03 -4.734786e-02 -2.498199e-01 -4.117371e-03 9.999862e-01 -3.247946e-03 -5.952894e-02 4.733435e-02 3.439227e-03 9.988732e-01 8.357056e+00
9.987372e-01 3.532382e-03 -5.011420e-02 -2.847849e-01 -3.755007e-03 9.999835e-01 -4.348904e-03 -5.486968e-02 5.009801e-02 4.531591e-03 9.987340e-01 9.187241e+00
9.986586e-01 6.438523e-04 -5.177504e-02 -3.364799e-01 -9.333772e-04 9.999841e-01 -5.567993e-03 -5.732517e-02 5.177063e-02 5.608850e-03 9.986433e-01 1.002176e+01
9.985336e-01 6.271156e-04 -5.413207e-02 -3.779533e-01 -8.937826e-04 9.999876e-01 -4.902163e-03 -6.806864e-02 5.412833e-02 4.943356e-03 9.985218e-01 1.086866e+01
9.984812e-01 -2.483191e-04 -5.509343e-02 -4.380492e-01 -7.279394e-05 9.999830e-01 -5.826434e-03 -7.631517e-02 5.509394e-02 5.821595e-03 9.984642e-01 1.172173e+01
9.984338e-01 1.852540e-03 -5.591611e-02 -5.411678e-01 -2.268414e-03 9.999702e-01 -7.374894e-03 -1.069729e-01 5.590078e-02 7.490184e-03 9.984082e-01 1.261443e+01
9.983371e-01 2.216233e-03 -5.760263e-02 -5.922772e-01 -2.789020e-03 9.999474e-01 -9.865285e-03 -1.212225e-01 5.757774e-02 1.000953e-02 9.982908e-01 1.347620e+01
9.982424e-01 6.608799e-03 -5.889385e-02 -6.673729e-01 -7.262587e-03 9.999143e-01 -1.089401e-02 -1.466131e-01 5.881681e-02 1.130258e-02 9.982048e-01 1.434593e+01
9.981752e-01 7.241143e-03 -5.994820e-02 -7.280169e-01 -7.903208e-03 9.999103e-01 -1.081422e-02 -1.557133e-01 5.986451e-02 1.126827e-02 9.981429e-01 1.523818e+01
9.981657e-01 6.770766e-03 -6.016065e-02 -8.135737e-01 -7.314391e-03 9.999343e-01 -8.820610e-03 -1.836806e-01 6.009698e-02 9.244469e-03 9.981497e-01 1.612951e+01
9.981048e-01 7.901274e-03 -6.102847e-02 -8.835547e-01 -8.369871e-03 9.999374e-01 -7.426511e-03 -2.003521e-01 6.096597e-02 7.923236e-03 9.981084e-01 1.702859e+01
9.980608e-01 7.650194e-03 -6.177525e-02 -9.483366e-01 -8.156084e-03 9.999352e-01 -7.941195e-03 -2.062540e-01 6.171049e-02 8.429639e-03 9.980585e-01 1.793857e+01
9.979888e-01 7.397998e-03 -6.295654e-02 -1.016879e+00 -8.005185e-03 9.999238e-01 -9.397774e-03 -2.118225e-01 6.288222e-02 9.882853e-03 9.979720e-01 1.883753e+01
9.979872e-01 5.747442e-03 -6.315463e-02 -1.099578e+00 -6.495471e-03 9.999111e-01 -1.164547e-02 -2.029652e-01 6.308209e-02 1.203225e-02 9.979358e-01 1.974533e+01
9.979657e-01 5.932022e-03 -6.347667e-02 -1.162595e+00 -6.559643e-03 9.999316e-01 -9.683603e-03 -2.282371e-01 6.341489e-02 1.008029e-02 9.979363e-01 2.066302e+01
9.979194e-01 7.469836e-03 -6.404001e-02 -1.209472e+00 -7.934040e-03 9.999440e-01 -6.997417e-03 -2.347871e-01 6.398416e-02 7.490954e-03 9.979228e-01 2.158485e+01
9.979250e-01 8.381742e-03 -6.383896e-02 -1.263922e+00 -8.622047e-03 9.999567e-01 -3.489665e-03 -2.474126e-01 6.380695e-02 4.032846e-03 9.979541e-01 2.252741e+01
9.980645e-01 7.573385e-03 -6.172465e-02 -1.343301e+00 -7.772174e-03 9.999654e-01 -2.981122e-03 -2.245329e-01 6.169993e-02 3.455086e-03 9.980888e-01 2.346863e+01
9.981472e-01 7.758184e-03 -6.034832e-02 -1.404360e+00 -7.894016e-03 9.999668e-01 -2.012711e-03 -2.422929e-01 6.033070e-02 2.485372e-03 9.981754e-01 2.441290e+01
9.981899e-01 8.426387e-03 -5.954709e-02 -1.459580e+00 -8.748726e-03 9.999484e-01 -5.154529e-03 -2.501964e-01 5.950059e-02 5.666161e-03 9.982122e-01 2.536032e+01
9.982120e-01 9.195447e-03 -5.906120e-02 -1.512488e+00 -9.810244e-03 9.999006e-01 -1.012797e-02 -2.601169e-01 5.896220e-02 1.068926e-02 9.982030e-01 2.631706e+01
9.982398e-01 8.489376e-03 -5.869549e-02 -1.558457e+00 -9.240449e-03 9.998787e-01 -1.253652e-02 -2.895439e-01 5.858194e-02 1.305683e-02 9.981972e-01 2.727251e+01
9.982768e-01 5.746428e-03 -5.839872e-02 -1.606101e+00 -6.417656e-03 9.999154e-01 -1.131283e-02 -3.150582e-01 5.832878e-02 1.166812e-02 9.982292e-01 2.824065e+01
9.982401e-01 3.836691e-03 -5.917714e-02 -1.648433e+00 -4.199336e-03 9.999732e-01 -6.004972e-03 -3.480603e-01 5.915251e-02 6.242908e-03 9.982294e-01 2.921897e+01
9.981645e-01 -4.400791e-04 -6.055914e-02 -1.694937e+00 2.312456e-04 9.999940e-01 -3.455387e-03 -3.542739e-01 6.056029e-02 3.435041e-03 9.981586e-01 3.019583e+01
9.980662e-01 -7.070218e-03 -6.175672e-02 -1.745424e+00 6.725725e-03 9.999607e-01 -5.784325e-03 -3.524475e-01 6.179519e-02 5.357780e-03 9.980745e-01 3.117544e+01
9.978890e-01 -8.529950e-03 -6.438052e-02 -1.777817e+00 7.895101e-03 9.999177e-01 -1.010886e-02 -3.645829e-01 6.446146e-02 9.579225e-03 9.978742e-01 3.215917e+01
9.977674e-01 -7.819245e-03 -6.632522e-02 -1.837269e+00 6.907769e-03 9.998787e-01 -1.396075e-02 -3.872995e-01 6.642634e-02 1.347142e-02 9.977004e-01 3.314723e+01
9.977294e-01 -6.192779e-03 -6.706447e-02 -1.938019e+00 5.227589e-03 9.998804e-01 -1.455791e-02 -4.125186e-01 6.714660e-02 1.417427e-02 9.976424e-01 3.411204e+01
9.976326e-01 -6.023785e-03 -6.850457e-02 -1.994579e+00 5.125287e-03 9.998986e-01 -1.328409e-02 -4.332703e-01 6.857764e-02 1.290154e-02 9.975624e-01 3.510535e+01
9.975592e-01 -2.298233e-03 -6.978827e-02 -2.071373e+00 1.519636e-03 9.999360e-01 -1.120760e-02 -4.476092e-01 6.980956e-02 1.107419e-02 9.974989e-01 3.610251e+01
9.974479e-01 -1.299744e-03 -7.138630e-02 -2.146546e+00 5.084852e-04 9.999383e-01 -1.110124e-02 -4.372485e-01 7.139632e-02 1.103661e-02 9.973870e-01 3.708213e+01
9.973452e-01 -3.591163e-04 -7.281713e-02 -2.215035e+00 -2.647257e-04 9.999633e-01 -8.557409e-03 -4.538631e-01 7.281754e-02 8.553968e-03 9.973086e-01 3.806963e+01
9.972969e-01 -1.117913e-03 -7.346871e-02 -2.277236e+00 6.925057e-04 9.999828e-01 -5.815543e-03 -4.716494e-01 7.347395e-02 5.748946e-03 9.972806e-01 3.905582e+01
9.972078e-01 4.059027e-03 -7.456619e-02 -2.352585e+00 -4.372373e-03 9.999823e-01 -4.039497e-03 -4.700211e-01 7.454848e-02 4.354249e-03 9.972079e-01 4.005979e+01
9.971561e-01 3.992225e-03 -7.525758e-02 -2.426688e+00 -4.354140e-03 9.999797e-01 -4.645560e-03 -4.856257e-01 7.523751e-02 4.960030e-03 9.971533e-01 4.105658e+01
9.971301e-01 4.290588e-03 -7.558526e-02 -2.499134e+00 -4.858488e-03 9.999613e-01 -7.331105e-03 -4.873035e-01 7.555088e-02 7.677296e-03 9.971124e-01 4.205706e+01
9.970319e-01 5.496843e-03 -7.679325e-02 -2.560458e+00 -6.122952e-03 9.999499e-01 -7.920115e-03 -5.341714e-01 7.674586e-02 8.366809e-03 9.970156e-01 4.305736e+01
9.969325e-01 1.508462e-02 -7.679902e-02 -2.683287e+00 -1.583634e-02 9.998324e-01 -9.188572e-03 -4.911465e-01 7.664754e-02 1.037660e-02 9.970043e-01 4.441318e+01
9.968452e-01 1.331832e-02 -7.824466e-02 -2.755462e+00 -1.401131e-02 9.998673e-01 -8.314404e-03 -5.101864e-01 7.812354e-02 9.384484e-03 9.968995e-01 4.541361e+01
9.967037e-01 1.369955e-02 -7.996249e-02 -2.825059e+00 -1.436678e-02 9.998666e-01 -7.774923e-03 -5.240691e-01 7.984531e-02 8.898098e-03 9.967676e-01 4.641288e+01
9.965366e-01 1.589950e-02 -8.162127e-02 -2.879503e+00 -1.691988e-02 9.997869e-01 -1.182491e-02 -5.366178e-01 8.141587e-02 1.316497e-02 9.965933e-01 4.739401e+01
9.963781e-01 1.682546e-02 -8.335195e-02 -2.944969e+00 -1.812929e-02 9.997245e-01 -1.491038e-02 -5.811210e-01 8.307811e-02 1.636749e-02 9.964086e-01 4.834741e+01
9.963271e-01 1.806931e-02 -8.370054e-02 -3.037976e+00 -1.947126e-02 9.996830e-01 -1.596354e-02 -6.087014e-01 8.338556e-02 1.753467e-02 9.963631e-01 4.930322e+01
9.963250e-01 1.658283e-02 -8.403270e-02 -3.119169e+00 -1.770590e-02 9.997634e-01 -1.263697e-02 -6.365574e-01 8.380326e-02 1.407841e-02 9.963829e-01 5.030270e+01
9.962458e-01 1.470429e-02 -8.531218e-02 -3.178048e+00 -1.563745e-02 9.998249e-01 -1.028023e-02 -6.559325e-01 8.514608e-02 1.157571e-02 9.963012e-01 5.128474e+01
9.962379e-01 1.302725e-02 -8.567540e-02 -3.259211e+00 -1.393735e-02 9.998525e-01 -1.003308e-02 -6.777853e-01 8.553207e-02 1.118942e-02 9.962726e-01 5.224466e+01
9.962871e-01 9.784178e-03 -8.553535e-02 -3.350031e+00 -1.083231e-02 9.998717e-01 -1.179829e-02 -6.963586e-01 8.540895e-02 1.268103e-02 9.962653e-01 5.319368e+01
9.962905e-01 7.202150e-03 -8.575191e-02 -3.440115e+00 -8.330556e-03 9.998833e-01 -1.280840e-02 -7.309340e-01 8.564965e-02 1.347524e-02 9.962342e-01 5.415661e+01
9.961725e-01 5.927128e-03 -8.720820e-02 -3.516426e+00 -6.999274e-03 9.999036e-01 -1.199345e-02 -7.522015e-01 8.712870e-02 1.255794e-02 9.961179e-01 5.510480e+01
9.960635e-01 2.521640e-03 -8.860653e-02 -3.592513e+00 -3.264233e-03 9.999607e-01 -8.236889e-03 -7.724957e-01 8.858228e-02 8.493696e-03 9.960326e-01 5.605852e+01
9.959087e-01 6.283423e-04 -9.036283e-02 -3.653972e+00 -1.025257e-03 9.999900e-01 -4.346107e-03 -7.774447e-01 9.035920e-02 4.420971e-03 9.958994e-01 5.701032e+01
9.958430e-01 1.749491e-03 -9.106959e-02 -3.743201e+00 -1.947704e-03 9.999959e-01 -2.087672e-03 -7.984566e-01 9.106557e-02 2.256370e-03 9.958423e-01 5.795289e+01
9.956943e-01 2.877758e-03 -9.265249e-02 -3.833557e+00 -3.388701e-03 9.999799e-01 -5.357763e-03 -8.283358e-01 9.263521e-02 5.648666e-03 9.956841e-01 5.888035e+01
9.955707e-01 5.019200e-03 -9.388138e-02 -3.927700e+00 -6.264688e-03 9.998962e-01 -1.297660e-02 -8.491107e-01 9.380650e-02 1.350726e-02 9.954988e-01 5.979308e+01
9.954436e-01 6.584881e-03 -9.512489e-02 -4.014009e+00 -8.327019e-03 9.998046e-01 -1.792888e-02 -8.650284e-01 9.498825e-02 1.863930e-02 9.953039e-01 6.070664e+01
9.952515e-01 1.102301e-02 -9.671061e-02 -4.103521e+00 -1.268941e-02 9.997811e-01 -1.663263e-02 -8.906232e-01 9.650610e-02 1.778085e-02 9.951736e-01 6.160916e+01
9.955410e-01 1.741823e-02 -9.270751e-02 -4.417947e+00 -1.856530e-02 9.997612e-01 -1.152491e-02 -1.045116e+00 9.248463e-02 1.319466e-02 9.956267e-01 6.260534e+01
9.953910e-01 1.956958e-02 -9.388194e-02 -4.508826e+00 -2.057909e-02 9.997402e-01 -9.796877e-03 -1.072526e+00 9.366583e-02 1.168373e-02 9.955351e-01 6.347623e+01
9.952603e-01 2.008817e-02 -9.514979e-02 -4.596917e+00 -2.114433e-02 9.997254e-01 -1.010473e-02 -1.091030e+00 9.492067e-02 1.206871e-02 9.954117e-01 6.431481e+01
9.950344e-01 2.166439e-02 -9.714530e-02 -4.671491e+00 -2.269619e-02 9.996970e-01 -9.528619e-03 -1.104678e+00 9.690944e-02 1.168613e-02 9.952246e-01 6.517249e+01
9.948402e-01 2.191149e-02 -9.905973e-02 -4.736415e+00 -2.289630e-02 9.996990e-01 -8.815488e-03 -1.126503e+00 9.883675e-02 1.103810e-02 9.950424e-01 6.599587e+01
9.947204e-01 2.159367e-02 -1.003245e-01 -4.837231e+00 -2.260427e-02 9.997045e-01 -8.947383e-03 -1.128700e+00 1.001016e-01 1.116791e-02 9.949145e-01 6.680492e+01
9.947253e-01 2.055421e-02 -1.004943e-01 -4.990613e+00 -2.151466e-02 9.997325e-01 -8.482729e-03 -1.129067e+00 1.002930e-01 1.060009e-02 9.949015e-01 6.766687e+01
9.943965e-01 2.255207e-02 -1.032814e-01 -5.023375e+00 -2.333383e-02 9.997075e-01 -6.367080e-03 -1.119052e+00 1.031076e-01 8.741351e-03 9.946318e-01 6.842570e+01
9.941820e-01 2.428948e-02 -1.049390e-01 -5.106188e+00 -2.464884e-02 9.996939e-01 -2.128783e-03 -1.140497e+00 1.048552e-01 4.703023e-03 9.944764e-01 6.920999e+01
9.938620e-01 2.767639e-02 -1.071090e-01 -5.182025e+00 -2.781460e-02 9.996131e-01 2.035802e-04 -1.168554e+00 1.070731e-01 2.776862e-03 9.942473e-01 6.998404e+01
9.936333e-01 3.060798e-02 -1.084249e-01 -5.280270e+00 -3.113510e-02 9.995102e-01 -3.171649e-03 -1.195868e+00 1.082747e-01 6.527277e-03 9.940996e-01 7.073783e+01
9.934904e-01 3.143654e-02 -1.094926e-01 -5.370526e+00 -3.269189e-02 9.994185e-01 -9.688501e-03 -1.232425e+00 1.091244e-01 1.320495e-02 9.939404e-01 7.145917e+01
9.933802e-01 3.097530e-02 -1.106183e-01 -5.468964e+00 -3.293888e-02 9.993298e-01 -1.596738e-02 -1.238591e+00 1.100495e-01 1.950532e-02 9.937347e-01 7.218496e+01
9.933275e-01 3.181620e-02 -1.108525e-01 -5.562199e+00 -3.396032e-02 9.992698e-01 -1.750751e-02 -1.242760e+00 1.102145e-01 2.115527e-02 9.936827e-01 7.288449e+01
9.928751e-01 3.408384e-02 -1.141808e-01 -5.588276e+00 -3.589642e-02 9.992595e-01 -1.385573e-02 -1.263266e+00 1.136240e-01 1.785569e-02 9.933634e-01 7.357606e+01
9.922996e-01 3.387478e-02 -1.191384e-01 -5.589291e+00 -3.554003e-02 9.992976e-01 -1.188005e-02 -1.287188e+00 1.186523e-01 1.602275e-02 9.928066e-01 7.425199e+01
9.922121e-01 3.089155e-02 -1.206680e-01 -5.655341e+00 -3.300337e-02 9.993344e-01 -1.554147e-02 -1.309951e+00 1.201076e-01 1.940289e-02 9.925713e-01 7.489216e+01
9.921739e-01 2.307557e-02 -1.227131e-01 -5.674611e+00 -2.583670e-02 9.994465e-01 -2.095703e-02 -1.348628e+00 1.221616e-01 2.396352e-02 9.922209e-01 7.551598e+01
9.922662e-01 1.968153e-02 -1.225580e-01 -5.726891e+00 -2.301645e-02 9.994007e-01 -2.585475e-02 -1.374761e+00 1.219757e-01 2.847564e-02 9.921245e-01 7.611731e+01
9.925815e-01 2.253914e-02 -1.194740e-01 -5.806636e+00 -2.579513e-02 9.993349e-01 -2.577641e-02 -1.395752e+00 1.188135e-01 2.866704e-02 9.925027e-01 7.670789e+01
9.929001e-01 2.741378e-02 -1.157492e-01 -5.880167e+00 -3.015458e-02 9.993032e-01 -2.199416e-02 -1.422671e+00 1.150656e-01 2.532838e-02 9.930349e-01 7.728460e+01
9.932559e-01 2.573439e-02 -1.130511e-01 -5.905011e+00 -2.806937e-02 9.994233e-01 -1.911099e-02 -1.444440e+00 1.124941e-01 2.215537e-02 9.934054e-01 7.785685e+01
9.938705e-01 2.054974e-02 -1.086241e-01 -5.942884e+00 -2.240449e-02 9.996228e-01 -1.588206e-02 -1.447691e+00 1.082567e-01 1.821838e-02 9.939560e-01 7.842470e+01
9.947526e-01 1.588818e-02 -1.010683e-01 -5.979523e+00 -1.726775e-02 9.997691e-01 -1.278964e-02 -1.470405e+00 1.008417e-01 1.446775e-02 9.947973e-01 7.896282e+01
9.956439e-01 1.984423e-02 -9.110070e-02 -6.013921e+00 -2.110301e-02 9.996944e-01 -1.287489e-02 -1.481643e+00 9.081737e-02 1.474130e-02 9.957585e-01 7.948859e+01
9.968289e-01 2.526535e-02 -7.545683e-02 -6.069331e+00 -2.633189e-02 9.995665e-01 -1.317304e-02 -1.489025e+00 7.509129e-02 1.511819e-02 9.970621e-01 7.998655e+01
9.978831e-01 3.059151e-02 -5.738930e-02 -6.102482e+00 -3.132547e-02 9.994380e-01 -1.193324e-02 -1.504017e+00 5.699199e-02 1.370572e-02 9.982806e-01 8.047677e+01
9.989692e-01 2.918683e-02 -3.476712e-02 -6.114939e+00 -2.958491e-02 9.995018e-01 -1.099100e-02 -1.519943e+00 3.442901e-02 1.200825e-02 9.993350e-01 8.095983e+01
9.996239e-01 2.613321e-02 -8.310325e-03 -6.103145e+00 -2.621590e-02 9.996063e-01 -1.000207e-02 -1.532384e+00 8.045667e-03 1.021617e-02 9.999154e-01 8.142483e+01
9.994382e-01 2.522898e-02 2.206541e-02 -6.087795e+00 -2.505529e-02 9.996531e-01 -8.113289e-03 -1.548345e+00 -2.226244e-02 7.555876e-03 9.997236e-01 8.188482e+01
9.981507e-01 2.539458e-02 5.522938e-02 -6.044618e+00 -2.502561e-02 9.996597e-01 -7.362204e-03 -1.545734e+00 -5.539754e-02 5.966441e-03 9.984466e-01 8.233933e+01
9.953110e-01 2.586688e-02 9.320326e-02 -5.984201e+00 -2.540824e-02 9.996585e-01 -6.104343e-03 -1.567593e+00 -9.332933e-02 3.707588e-03 9.956284e-01 8.279171e+01
9.905030e-01 2.622717e-02 1.349663e-01 -5.897418e+00 -2.566095e-02 9.996531e-01 -5.933502e-03 -1.575814e+00 -1.350751e-01 2.413789e-03 9.908324e-01 8.323006e+01
9.832627e-01 2.639488e-02 1.802714e-01 -5.784484e+00 -2.537412e-02 9.996463e-01 -7.966433e-03 -1.553397e+00 -1.804179e-01 3.258869e-03 9.835846e-01 8.366690e+01
9.728120e-01 2.816078e-02 2.298777e-01 -5.663410e+00 -2.675920e-02 9.995995e-01 -9.212837e-03 -1.580268e+00 -2.300451e-01 2.811014e-03 9.731759e-01 8.408075e+01
9.587009e-01 2.848262e-02 2.829865e-01 -5.509385e+00 -2.576823e-02 9.995793e-01 -1.331022e-02 -1.568780e+00 -2.832466e-01 5.468456e-03 9.590315e-01 8.446992e+01
9.372526e-01 2.876805e-02 3.474622e-01 -5.368723e+00 -2.191294e-02 9.994803e-01 -2.364327e-02 -1.464552e+00 -3.479617e-01 1.454580e-02 9.373959e-01 8.501530e+01
9.140429e-01 2.786419e-02 4.046594e-01 -5.155899e+00 -1.982950e-02 9.995145e-01 -2.403417e-02 -1.490870e+00 -4.051326e-01 1.394407e-02 9.141516e-01 8.538530e+01
8.831912e-01 2.697069e-02 4.682371e-01 -4.957790e+00 -1.634198e-02 9.995086e-01 -2.674789e-02 -1.483735e+00 -4.687284e-01 1.597158e-02 8.831979e-01 8.583141e+01
8.484906e-01 2.632799e-02 5.285551e-01 -4.715076e+00 -1.223428e-02 9.994707e-01 -3.014517e-02 -1.447435e+00 -5.290689e-01 1.911141e-02 8.483636e-01 8.620664e+01
8.112518e-01 2.691082e-02 5.840773e-01 -4.474607e+00 -1.085787e-02 9.994614e-01 -3.096827e-02 -1.454246e+00 -5.845961e-01 1.878123e-02 8.111071e-01 8.650316e+01
7.718081e-01 2.665002e-02 6.352969e-01 -4.202520e+00 -8.395033e-03 9.994613e-01 -3.172739e-02 -1.424381e+00 -6.358002e-01 1.915412e-02 7.716160e-01 8.676252e+01
7.239445e-01 2.959850e-02 6.892230e-01 -3.950736e+00 -1.308559e-02 9.994886e-01 -2.917795e-02 -1.480976e+00 -6.897341e-01 1.210433e-02 7.239615e-01 8.712431e+01
6.704838e-01 3.001421e-02 7.413168e-01 -3.670173e+00 -1.090020e-02 9.994720e-01 -3.060764e-02 -1.456483e+00 -7.418441e-01 1.244143e-02 6.704570e-01 8.752462e+01
6.229849e-01 2.732131e-02 7.817566e-01 -3.362881e+00 -8.633166e-03 9.995691e-01 -2.805375e-02 -1.486523e+00 -7.821863e-01 1.072803e-02 6.229523e-01 8.771996e+01
5.732151e-01 2.079130e-02 8.191411e-01 -3.038371e+00 -1.177682e-03 9.996979e-01 -2.455005e-02 -1.468285e+00 -8.194041e-01 1.310777e-02 5.730664e-01 8.794591e+01
5.250320e-01 2.485626e-02 8.507194e-01 -2.705104e+00 -9.752078e-04 9.995903e-01 -2.860410e-02 -1.463908e+00 -8.510819e-01 1.418844e-02 5.248412e-01 8.812223e+01
4.767519e-01 3.029979e-02 8.785155e-01 -2.363910e+00 -3.062527e-03 9.994569e-01 -3.280906e-02 -1.489120e+00 -8.790325e-01 1.295131e-02 4.765858e-01 8.828389e+01
4.299191e-01 3.224398e-02 9.022915e-01 -2.036049e+00 -3.738260e-03 9.994171e-01 -3.393364e-02 -1.530176e+00 -9.028597e-01 1.121572e-02 4.297890e-01 8.842322e+01
3.845539e-01 2.605936e-02 9.227347e-01 -1.676924e+00 5.524004e-04 9.995948e-01 -2.846021e-02 -1.531567e+00 -9.231024e-01 1.145420e-02 3.843836e-01 8.856801e+01
3.391579e-01 1.366288e-02 9.406303e-01 -1.247943e+00 2.054516e-02 9.995485e-01 -2.192653e-02 -1.318464e+00 -9.405051e-01 2.676195e-02 3.387240e-01 8.874916e+01
3.009944e-01 1.302734e-02 9.535369e-01 -7.800539e-01 5.077871e-02 9.982692e-01 -2.966734e-02 -9.097271e-01 -9.522730e-01 5.734908e-02 2.998120e-01 8.889194e+01
2.604410e-01 1.786483e-02 9.653245e-01 -3.955574e-01 5.923426e-02 9.976497e-01 -3.444424e-02 -8.556478e-01 -9.636710e-01 6.615097e-02 2.587707e-01 8.909531e+01
2.411949e-01 3.189914e-02 9.699523e-01 7.691831e-02 6.137372e-02 9.969577e-01 -4.804888e-02 -8.663796e-01 -9.685341e-01 7.111872e-02 2.385034e-01 8.900276e+01
2.129658e-01 3.802032e-02 9.763196e-01 5.538330e-01 6.383304e-02 9.965664e-01 -5.273276e-02 -8.869414e-01 -9.749723e-01 7.355172e-02 2.098077e-01 8.907582e+01
1.770296e-01 3.962281e-02 9.834076e-01 1.003751e+00 6.606559e-02 9.964572e-01 -5.204149e-02 -9.268370e-01 -9.819857e-01 7.418229e-02 1.737847e-01 8.926509e+01
1.529349e-01 3.427905e-02 9.876416e-01 1.420296e+00 6.996943e-02 9.965145e-01 -4.542168e-02 -9.519929e-01 -9.857561e-01 7.605128e-02 1.500034e-01 8.930064e+01
1.222540e-01 2.800034e-02 9.921038e-01 1.866321e+00 6.671177e-02 9.971095e-01 -3.636230e-02 -1.131233e+00 -9.902543e-01 7.063043e-02 1.200326e-01 8.945138e+01
1.028857e-01 2.902753e-02 9.942696e-01 2.335472e+00 7.437115e-02 9.965518e-01 -3.678998e-02 -1.119942e+00 -9.919090e-01 7.773013e-02 1.003721e-01 8.947753e+01
8.697555e-02 3.289047e-02 9.956673e-01 2.918986e+00 7.393920e-02 9.964851e-01 -3.937637e-02 -1.138696e+00 -9.934628e-01 7.704363e-02 8.423794e-02 8.951954e+01
7.137107e-02 3.599779e-02 9.968000e-01 3.459952e+00 6.907029e-02 9.967713e-01 -4.094220e-02 -1.180765e+00 -9.950555e-01 7.177136e-02 6.865426e-02 8.955636e+01
5.640387e-02 3.472157e-02 9.978041e-01 3.937191e+00 6.576729e-02 9.970953e-01 -3.841460e-02 -1.195474e+00 -9.962396e-01 6.778960e-02 5.395649e-02 8.957794e+01
4.226099e-02 3.302681e-02 9.985606e-01 4.482770e+00 6.384589e-02 9.973215e-01 -3.568790e-02 -1.216573e+00 -9.970645e-01 6.526219e-02 4.003917e-02 8.963293e+01
3.160173e-02 2.835497e-02 9.990983e-01 5.079520e+00 6.282931e-02 9.975643e-01 -3.029874e-02 -1.232001e+00 -9.975238e-01 6.373014e-02 2.974324e-02 8.964255e+01
2.219048e-02 2.686563e-02 9.993927e-01 5.553002e+00 6.326037e-02 9.975979e-01 -2.822201e-02 -1.269502e+00 -9.977503e-01 6.384821e-02 2.043765e-02 8.959874e+01
1.522724e-02 2.793665e-02 9.994937e-01 6.046235e+00 6.329136e-02 9.975781e-01 -2.884735e-02 -1.304620e+00 -9.978789e-01 6.369858e-02 1.342222e-02 8.953942e+01
9.665647e-03 2.648908e-02 9.996024e-01 6.661447e+00 6.372207e-02 9.976010e-01 -2.705220e-02 -1.325482e+00 -9.979209e-01 6.395821e-02 7.954520e-03 8.953750e+01
4.391138e-03 2.479886e-02 9.996828e-01 7.232910e+00 6.516453e-02 9.975605e-01 -2.503245e-02 -1.328495e+00 -9.978649e-01 6.525378e-02 2.764420e-03 8.952434e+01
8.963977e-04 4.086809e-03 9.999912e-01 7.846736e+00 7.315087e-02 9.973123e-01 -4.141433e-03 -9.403182e-01 -9.973205e-01 7.315394e-02 5.950348e-04 8.947840e+01
-4.406344e-03 3.847081e-03 9.999829e-01 8.579518e+00 7.335985e-02 9.972993e-01 -3.513502e-03 -9.715876e-01 -9.972958e-01 7.334311e-02 -4.676665e-03 8.952573e+01
-8.784420e-03 4.991691e-03 9.999490e-01 9.443198e+00 7.288431e-02 9.973310e-01 -4.338343e-03 -1.045901e+00 -9.973017e-01 7.284248e-02 -9.124790e-03 8.960110e+01
-1.182109e-02 4.531248e-03 9.999199e-01 1.008380e+01 7.256747e-02 9.973568e-01 -3.661738e-03 -1.047920e+00 -9.972934e-01 7.251837e-02 -1.211867e-02 8.959208e+01
-1.464694e-02 2.893646e-03 9.998885e-01 1.071353e+01 7.184267e-02 9.974143e-01 -1.834093e-03 -1.057017e+00 -9.973084e-01 7.180780e-02 -1.481695e-02 8.958951e+01
-1.538955e-02 -1.023542e-03 9.998810e-01 1.134346e+01 7.129847e-02 9.974528e-01 2.118438e-03 -1.071196e+00 -9.973363e-01 7.132259e-02 -1.527738e-02 8.955078e+01
-1.449288e-02 -4.986542e-03 9.998825e-01 1.201543e+01 7.094777e-02 9.974620e-01 6.002829e-03 -1.069727e+00 -9.973747e-01 7.102643e-02 -1.410232e-02 8.953306e+01
-1.183053e-02 -6.542197e-03 9.999086e-01 1.270804e+01 7.126003e-02 9.974306e-01 7.369105e-03 -1.059964e+00 -9.973876e-01 7.134070e-02 -1.133394e-02 8.951946e+01
-7.672927e-03 -9.248216e-03 9.999278e-01 1.344074e+01 7.172918e-02 9.973762e-01 9.775029e-03 -1.050101e+00 -9.973946e-01 7.179901e-02 -6.989428e-03 8.950537e+01
-3.722232e-03 -1.032151e-02 9.999398e-01 1.418088e+01 7.122117e-02 9.974046e-01 1.056046e-02 -1.046911e+00 -9.974536e-01 7.125619e-02 -2.977461e-03 8.951528e+01
1.875994e-04 -1.257661e-02 9.999209e-01 1.493543e+01 6.976315e-02 9.974849e-01 1.253289e-02 -1.037682e+00 -9.975636e-01 6.975528e-02 1.064512e-03 8.951690e+01
4.582026e-03 -1.282999e-02 9.999072e-01 1.569107e+01 6.878409e-02 9.975534e-01 1.248458e-02 -1.018990e+00 -9.976210e-01 6.872050e-02 5.453315e-03 8.951391e+01
9.081023e-03 -9.605645e-03 9.999126e-01 1.645520e+01 6.657699e-02 9.977409e-01 8.980142e-03 -1.020769e+00 -9.977400e-01 6.648962e-02 9.700022e-03 8.952025e+01
1.294924e-02 -9.248160e-03 9.998734e-01 1.725307e+01 6.619947e-02 9.977713e-01 8.371376e-03 -1.004917e+00 -9.977224e-01 6.608269e-02 1.353261e-02 8.954424e+01
1.730834e-02 -6.768962e-03 9.998273e-01 1.805061e+01 6.717872e-02 9.977253e-01 5.591778e-03 -1.003422e+00 -9.975908e-01 6.707034e-02 1.772370e-02 8.956258e+01
2.050230e-02 -4.318827e-03 9.997805e-01 1.887296e+01 7.055074e-02 9.975041e-01 2.862223e-03 -1.030125e+00 -9.972975e-01 7.047658e-02 2.075583e-02 8.959954e+01
2.289391e-02 1.407909e-03 9.997369e-01 1.967766e+01 7.563230e-02 9.971308e-01 -3.136214e-03 -1.028772e+00 -9.968729e-01 7.568421e-02 2.272174e-02 8.961800e+01
2.345151e-02 4.783970e-03 9.997135e-01 2.049223e+01 7.908822e-02 9.968456e-01 -6.625515e-03 -1.030691e+00 -9.965917e-01 7.922094e-02 2.299918e-02 8.963753e+01
2.379695e-02 7.094581e-03 9.996916e-01 2.131295e+01 7.905381e-02 9.968301e-01 -8.956093e-03 -1.033836e+00 -9.965863e-01 7.924256e-02 2.316067e-02 8.966851e+01
2.454708e-02 9.628899e-03 9.996523e-01 2.213992e+01 7.701423e-02 9.969637e-01 -1.149413e-02 -1.052013e+00 -9.967278e-01 7.726960e-02 2.373099e-02 8.968865e+01
2.436883e-02 8.457291e-03 9.996673e-01 2.296407e+01 7.582580e-02 9.970680e-01 -1.028370e-02 -1.073019e+00 -9.968233e-01 7.605118e-02 2.365610e-02 8.971089e+01
2.476957e-02 1.114299e-02 9.996311e-01 2.377983e+01 7.503246e-02 9.970967e-01 -1.297395e-02 -1.094537e+00 -9.968734e-01 7.532614e-02 2.386157e-02 8.974675e+01
2.503447e-02 1.231194e-02 9.996108e-01 2.460359e+01 7.542297e-02 9.970510e-01 -1.416932e-02 -1.115610e+00 -9.968373e-01 7.574833e-02 2.403204e-02 8.978074e+01
2.492802e-02 1.653375e-02 9.995525e-01 2.543532e+01 7.553517e-02 9.969738e-01 -1.837488e-02 -1.155440e+00 -9.968315e-01 7.595942e-02 2.360370e-02 8.982360e+01
3.202826e-02 2.031869e-02 9.992804e-01 2.626682e+01 8.320479e-02 9.962688e-01 -2.292428e-02 -9.010323e-01 -9.960176e-01 8.387914e-02 3.021814e-02 8.955543e+01
3.382859e-02 3.981674e-03 9.994197e-01 2.704704e+01 8.449057e-02 9.964009e-01 -6.829503e-03 -7.959680e-01 -9.958499e-01 8.467257e-02 3.337042e-02 8.951629e+01
3.016862e-02 7.137171e-03 9.995193e-01 2.785567e+01 8.285376e-02 9.965153e-01 -9.616506e-03 -8.136416e-01 -9.961050e-01 8.310405e-02 2.947215e-02 8.954863e+01
2.529886e-02 9.447508e-03 9.996353e-01 2.866498e+01 8.028783e-02 9.967059e-01 -1.145175e-02 -8.310302e-01 -9.964506e-01 8.054826e-02 2.445700e-02 8.958280e+01
2.579967e-02 1.118758e-02 9.996045e-01 2.949030e+01 7.713642e-02 9.969338e-01 -1.314857e-02 -8.724242e-01 -9.966867e-01 7.744514e-02 2.485759e-02 8.937774e+01
1.851531e-02 1.250056e-02 9.997504e-01 3.028602e+01 7.732891e-02 9.969088e-01 -1.389715e-02 -8.924876e-01 -9.968337e-01 7.756692e-02 1.749142e-02 8.939783e+01
9.461329e-03 1.244434e-02 9.998778e-01 3.115126e+01 7.834223e-02 9.968398e-01 -1.314784e-02 -9.188379e-01 -9.968816e-01 7.845705e-02 8.456512e-03 8.942179e+01
-5.445430e-04 1.315429e-02 9.999133e-01 3.193889e+01 7.890131e-02 9.967967e-01 -1.307032e-02 -9.371944e-01 -9.968823e-01 7.888736e-02 -1.580689e-03 8.942094e+01
-1.050803e-02 1.300384e-02 9.998602e-01 3.273524e+01 7.829239e-02 9.968565e-01 -1.214197e-02 -9.442459e-01 -9.968751e-01 7.815386e-02 -1.149310e-02 8.940309e+01
-2.049532e-02 1.461312e-02 9.996831e-01 3.351516e+01 7.727229e-02 9.969254e-01 -1.298858e-02 -9.646425e-01 -9.967993e-01 7.698160e-02 -2.156150e-02 8.937774e+01
-2.986137e-02 1.486330e-02 9.994435e-01 3.432961e+01 7.650377e-02 9.969904e-01 -1.254104e-02 -9.843389e-01 -9.966220e-01 7.608670e-02 -3.090859e-02 8.929861e+01
-4.018639e-02 1.529741e-02 9.990751e-01 3.510048e+01 7.719588e-02 9.969418e-01 -1.215965e-02 -9.873565e-01 -9.962057e-01 7.663583e-02 -4.124439e-02 8.925120e+01
-4.949783e-02 1.648404e-02 9.986382e-01 3.585872e+01 7.875913e-02 9.968147e-01 -1.255022e-02 -9.848713e-01 -9.956641e-01 7.803067e-02 -5.063843e-02 8.917918e+01
-5.957743e-02 1.864851e-02 9.980495e-01 3.663228e+01 8.234493e-02 9.965097e-01 -1.370425e-02 -9.586078e-01 -9.948215e-01 8.136785e-02 -6.090509e-02 8.912908e+01
-6.963791e-02 1.822719e-02 9.974058e-01 3.740668e+01 8.352578e-02 9.964287e-01 -1.237765e-02 -9.710464e-01 -9.940694e-01 8.244715e-02 -7.091166e-02 8.906601e+01
-7.957946e-02 1.818211e-02 9.966627e-01 3.812895e+01 8.379461e-02 9.964168e-01 -1.148696e-02 -9.982681e-01 -9.933003e-01 8.260083e-02 -8.081788e-02 8.901911e+01
-8.870184e-02 1.848525e-02 9.958867e-01 3.887519e+01 8.449112e-02 9.963639e-01 -1.096864e-02 -1.012268e+00 -9.924683e-01 8.317064e-02 -8.994115e-02 8.893636e+01
-9.832860e-02 1.842698e-02 9.949834e-01 3.960020e+01 8.425188e-02 9.963930e-01 -1.012695e-02 -1.038649e+00 -9.915811e-01 8.283345e-02 -9.952644e-02 8.886728e+01
-1.074421e-01 1.749501e-02 9.940574e-01 4.030799e+01 8.192836e-02 9.966004e-01 -8.684590e-03 -1.084375e+00 -9.908299e-01 8.050840e-02 -1.085102e-01 8.879820e+01
-1.151014e-01 1.664597e-02 9.932143e-01 4.102145e+01 8.138176e-02 9.966565e-01 -7.272509e-03 -1.085241e+00 -9.900145e-01 7.999245e-02 -1.160712e-01 8.872071e+01
-1.198934e-01 1.451622e-02 9.926806e-01 4.173820e+01 7.918660e-02 9.968472e-01 -5.013196e-03 -1.100830e+00 -9.896237e-01 7.800595e-02 -1.206649e-01 8.861656e+01
-1.234708e-01 1.192572e-02 9.922765e-01 4.245422e+01 7.658136e-02 9.970603e-01 -2.454055e-03 -1.123021e+00 -9.893888e-01 7.568689e-02 -1.240211e-01 8.851254e+01
-1.262606e-01 1.098931e-02 9.919362e-01 4.315197e+01 7.612203e-02 9.970976e-01 -1.357144e-03 -1.126568e+00 -9.890721e-01 7.533685e-02 -1.267307e-01 8.843231e+01
-1.286185e-01 1.165333e-02 9.916257e-01 4.386017e+01 7.501755e-02 9.971802e-01 -1.988485e-03 -1.157165e+00 -9.888527e-01 7.413357e-02 -1.291300e-01 8.836348e+01
-1.285289e-01 7.271445e-03 9.916791e-01 4.452274e+01 8.331218e-02 9.965174e-01 3.490945e-03 -9.634796e-01 -9.882001e-01 8.306763e-02 -1.286870e-01 8.826898e+01
-1.276138e-01 6.620480e-03 9.918018e-01 4.515418e+01 8.406620e-02 9.964515e-01 4.165171e-03 -9.769461e-01 -9.882548e-01 8.390855e-02 -1.277176e-01 8.818149e+01
-1.250326e-01 5.642751e-03 9.921366e-01 4.580181e+01 8.568039e-02 9.963095e-01 5.131263e-03 -9.892478e-01 -9.884461e-01 8.564823e-02 -1.250546e-01 8.811233e+01
-1.195345e-01 4.863872e-03 9.928181e-01 4.642910e+01 8.605808e-02 9.962750e-01 5.480517e-03 -1.000228e+00 -9.890933e-01 8.609514e-02 -1.195078e-01 8.803780e+01
-1.120490e-01 5.062709e-03 9.936898e-01 4.702781e+01 8.624755e-02 9.962629e-01 4.649499e-03 -1.024569e+00 -9.899527e-01 8.622428e-02 -1.120669e-01 8.798803e+01
-1.010586e-01 5.282389e-03 9.948665e-01 4.760919e+01 8.625325e-02 9.962672e-01 3.471785e-03 -1.041476e+00 -9.911345e-01 8.616132e-02 -1.011370e-01 8.794392e+01
-8.732873e-02 4.961742e-03 9.961672e-01 4.815625e+01 8.611182e-02 9.962821e-01 2.586655e-03 -1.063397e+00 -9.924507e-01 8.600766e-02 -8.743132e-02 8.790376e+01
-7.057225e-02 4.452464e-03 9.974967e-01 4.869286e+01 8.733779e-02 9.961772e-01 1.732517e-03 -1.080488e+00 -9.936758e-01 8.724143e-02 -7.069134e-02 8.788507e+01
-4.910176e-02 4.247587e-03 9.987847e-01 4.921527e+01 8.993596e-02 9.959475e-01 1.858657e-04 -1.096178e+00 -9.947364e-01 8.983579e-02 -4.928478e-02 8.787456e+01
-2.419373e-02 4.043383e-03 9.996991e-01 4.973159e+01 9.253221e-02 9.957081e-01 -1.787868e-03 -1.116554e+00 -9.954157e-01 9.246111e-02 -2.446403e-02 8.787671e+01
4.692811e-03 2.018003e-03 9.999870e-01 5.024422e+01 9.488655e-02 9.954851e-01 -2.454208e-03 -1.117117e+00 -9.954770e-01 9.489683e-02 4.480142e-03 8.789020e+01
3.907793e-02 4.010410e-04 9.992361e-01 5.076834e+01 9.337221e-02 9.956230e-01 -4.051174e-03 -1.138266e+00 -9.948641e-01 9.345920e-02 3.886945e-02 8.791451e+01
7.761491e-02 -3.269041e-03 9.969781e-01 5.128004e+01 9.082179e-02 9.958599e-01 -3.805118e-03 -1.147882e+00 -9.928380e-01 9.084267e-02 7.759048e-02 8.796721e+01
1.213087e-01 -5.669327e-03 9.925986e-01 5.179153e+01 8.693776e-02 9.962015e-01 -4.935042e-03 -1.157514e+00 -9.888003e-01 8.689297e-02 1.213408e-01 8.803204e+01
1.656367e-01 -7.304947e-03 9.861598e-01 5.230702e+01 8.302130e-02 9.965262e-01 -6.562635e-03 -1.159396e+00 -9.826861e-01 8.295928e-02 1.656678e-01 8.816936e+01
2.153349e-01 -8.275057e-03 9.765052e-01 5.280977e+01 8.558750e-02 9.962761e-01 -1.043080e-02 -1.079471e+00 -9.727824e-01 8.582276e-02 2.152412e-01 8.830739e+01
2.701160e-01 -1.006921e-02 9.627751e-01 5.331655e+01 8.229845e-02 9.965272e-01 -1.266743e-02 -1.102503e+00 -9.593041e-01 8.265658e-02 2.700066e-01 8.843799e+01
3.266346e-01 -1.502427e-02 9.450313e-01 5.381344e+01 8.229881e-02 9.965280e-01 -1.260226e-02 -1.117072e+00 -9.415608e-01 8.189129e-02 3.267370e-01 8.861856e+01
3.882170e-01 -2.448234e-02 9.212427e-01 5.428071e+01 9.691325e-02 9.951888e-01 -1.439232e-02 -9.756237e-01 -9.164581e-01 9.486797e-02 3.887218e-01 8.879202e+01
4.527969e-01 -3.400174e-02 8.909651e-01 5.475217e+01 9.963082e-02 9.949439e-01 -1.266345e-02 -1.028350e+00 -8.860297e-01 9.450156e-02 4.538951e-01 8.897241e+01
5.160844e-01 -4.426798e-02 8.553930e-01 5.524517e+01 1.069459e-01 9.941789e-01 -1.307328e-02 -1.019705e+00 -8.498350e-01 9.822766e-02 5.178145e-01 8.924783e+01
5.718641e-01 -4.923127e-02 8.188698e-01 5.560494e+01 1.092865e-01 9.938722e-01 -1.656849e-02 -1.035319e+00 -8.130362e-01 9.896633e-02 5.737402e-01 8.960220e+01
6.313538e-01 -5.371109e-02 7.736326e-01 5.598960e+01 1.112729e-01 9.935501e-01 -2.182935e-02 -1.013165e+00 -7.674703e-01 9.986637e-02 6.332583e-01 8.986388e+01
6.842316e-01 -6.289146e-02 7.265479e-01 5.634608e+01 1.154252e-01 9.930558e-01 -2.274153e-02 -1.001883e+00 -7.200723e-01 9.942237e-02 6.867394e-01 9.021802e+01
7.330893e-01 -7.242230e-02 6.762655e-01 5.668908e+01 1.161063e-01 9.930451e-01 -1.951549e-02 -1.031594e+00 -6.701488e-01 9.282525e-02 7.363994e-01 9.059076e+01
7.770335e-01 -7.801805e-02 6.246056e-01 5.697500e+01 1.133036e-01 9.934172e-01 -1.686860e-02 -1.038703e+00 -6.191778e-01 8.387753e-02 7.807582e-01 9.101021e+01
8.169701e-01 -8.566874e-02 5.702813e-01 5.723728e+01 1.104679e-01 9.938393e-01 -8.957057e-03 -1.078841e+00 -5.660007e-01 7.031545e-02 8.214006e-01 9.144186e+01
8.534665e-01 -9.077576e-02 5.131810e-01 5.750120e+01 1.072706e-01 9.942266e-01 -2.533571e-03 -1.114234e+00 -5.099882e-01 5.721155e-02 8.582767e-01 9.188215e+01
8.837718e-01 -9.631969e-02 4.578972e-01 5.769540e+01 1.109562e-01 9.938122e-01 -5.102115e-03 -1.007459e+00 -4.545724e-01 5.531562e-02 8.889905e-01 9.231372e+01
9.085866e-01 -9.559017e-02 4.066115e-01 5.785137e+01 1.054906e-01 9.944184e-01 -1.944574e-03 -1.034551e+00 -4.041561e-01 4.466049e-02 9.135991e-01 9.275035e+01
9.291186e-01 -9.400162e-02 3.576343e-01 5.803370e+01 1.003893e-01 9.949480e-01 7.077427e-04 -1.072762e+00 -3.558941e-01 3.524510e-02 9.338614e-01 9.319539e+01
9.464402e-01 -8.868172e-02 3.104617e-01 5.827073e+01 9.248296e-02 9.957112e-01 2.485936e-03 -1.116706e+00 -3.093507e-01 2.635963e-02 9.505826e-01 9.365178e+01
9.573615e-01 -8.640523e-02 2.756683e-01 5.835176e+01 9.037790e-02 9.959061e-01 -1.715229e-03 -1.102685e+00 -2.743915e-01 2.655642e-02 9.612513e-01 9.411850e+01
9.655785e-01 -8.510095e-02 2.457967e-01 5.841689e+01 8.901240e-02 9.960188e-01 -4.826366e-03 -1.087283e+00 -2.444074e-01 2.653919e-02 9.693094e-01 9.469000e+01
9.710692e-01 -9.173944e-02 2.204734e-01 5.857176e+01 9.477819e-02 9.954932e-01 -3.221212e-03 -1.105674e+00 -2.191843e-01 2.402409e-02 9.753877e-01 9.522173e+01
9.738143e-01 -9.499034e-02 2.065489e-01 5.864351e+01 9.769157e-02 9.952125e-01 -2.894588e-03 -1.110873e+00 -2.052851e-01 2.299688e-02 9.784320e-01 9.575011e+01
9.765234e-01 -9.042480e-02 1.955134e-01 5.869489e+01 9.314596e-02 9.956411e-01 -4.749291e-03 -1.118600e+00 -1.942317e-01 2.284907e-02 9.806895e-01 9.628227e+01
9.788750e-01 -8.512037e-02 1.858986e-01 5.878105e+01 8.739718e-02 9.961652e-01 -4.071898e-03 -1.153921e+00 -1.848391e-01 2.023289e-02 9.825605e-01 9.675057e+01
9.805809e-01 -7.720748e-02 1.802780e-01 5.884884e+01 7.986908e-02 9.967768e-01 -7.540978e-03 -1.154951e+00 -1.791147e-01 2.179318e-02 9.835868e-01 9.728057e+01
9.816085e-01 -7.288287e-02 1.764447e-01 5.894418e+01 7.632439e-02 9.970010e-01 -1.278802e-02 -1.153019e+00 -1.749836e-01 2.601987e-02 9.842275e-01 9.776487e+01
9.817381e-01 -7.209570e-02 1.760468e-01 5.903115e+01 7.609816e-02 9.969706e-01 -1.608194e-02 -1.158949e+00 -1.743541e-01 2.918509e-02 9.842504e-01 9.828400e+01
9.804222e-01 -7.463284e-02 1.822149e-01 5.908314e+01 7.958135e-02 9.966280e-01 -1.998819e-02 -1.165831e+00 -1.801087e-01 3.409777e-02 9.830555e-01 9.886765e+01
9.792727e-01 -7.903456e-02 1.864902e-01 5.919986e+01 8.574435e-02 9.959186e-01 -2.817906e-02 -1.146198e+00 -1.835019e-01 4.358546e-02 9.820526e-01 9.944746e+01
9.772448e-01 -7.871819e-02 1.969673e-01 5.923559e+01 8.646195e-02 9.957722e-01 -3.101577e-02 -1.197840e+00 -1.936931e-01 4.734018e-02 9.799193e-01 1.001016e+02
9.783591e-01 -5.321378e-02 1.999544e-01 5.939533e+01 6.135949e-02 9.975103e-01 -3.475954e-02 -1.304141e+00 -1.976069e-01 4.627642e-02 9.791884e-01 1.003898e+02
9.774397e-01 -4.936421e-02 2.053648e-01 5.950941e+01 5.693860e-02 9.978921e-01 -3.113434e-02 -1.330440e+00 -2.033950e-01 4.212513e-02 9.781901e-01 1.009893e+02
9.784222e-01 -5.253106e-02 1.998259e-01 5.985066e+01 5.881209e-02 9.979402e-01 -2.562331e-02 -1.356094e+00 -1.980683e-01 3.682260e-02 9.794963e-01 1.016618e+02
9.776280e-01 -5.609467e-02 2.027235e-01 5.999411e+01 6.150175e-02 9.978971e-01 -2.046689e-02 -1.358442e+00 -2.011491e-01 3.247685e-02 9.790221e-01 1.022830e+02
9.775462e-01 -5.770418e-02 2.026664e-01 6.021111e+01 6.184059e-02 9.979860e-01 -1.413191e-02 -1.394235e+00 -2.014427e-01 2.634760e-02 9.791459e-01 1.029614e+02
9.765261e-01 -6.211676e-02 2.062481e-01 6.034842e+01 6.616404e-02 9.977269e-01 -1.277754e-02 -1.405613e+00 -2.049856e-01 2.612381e-02 9.784163e-01 1.036439e+02
9.756710e-01 -6.208797e-02 2.102646e-01 6.008982e+01 6.682694e-02 9.976442e-01 -1.550144e-02 -1.421380e+00 -2.088068e-01 2.917564e-02 9.775216e-01 1.036982e+02
9.755678e-01 -6.438669e-02 2.100518e-01 6.023765e+01 7.058273e-02 9.972605e-01 -2.212760e-02 -1.436865e+00 -2.080516e-01 3.641301e-02 9.774398e-01 1.043763e+02
9.756997e-01 -6.409997e-02 2.095262e-01 6.036520e+01 7.169105e-02 9.970101e-01 -2.882988e-02 -1.452482e+00 -2.070517e-01 4.315046e-02 9.773779e-01 1.050280e+02
9.764994e-01 -6.182977e-02 2.064605e-01 6.050736e+01 6.990307e-02 9.970393e-01 -3.203318e-02 -1.516841e+00 -2.038687e-01 4.571261e-02 9.779304e-01 1.056095e+02
9.768304e-01 -6.387522e-02 2.042604e-01 6.064350e+01 7.092814e-02 9.971053e-01 -2.738880e-02 -1.551962e+00 -2.019197e-01 4.124203e-02 9.785334e-01 1.063389e+02
9.767557e-01 -6.718278e-02 2.035553e-01 6.076115e+01 7.258632e-02 9.971775e-01 -1.918863e-02 -1.587649e+00 -2.016917e-01 3.351794e-02 9.788754e-01 1.070793e+02
9.769182e-01 -6.923424e-02 2.020829e-01 6.081731e+01 7.335278e-02 9.972219e-01 -1.295386e-02 -1.646925e+00 -2.006246e-01 2.747821e-02 9.792828e-01 1.077805e+02
9.773317e-01 -6.709880e-02 2.007998e-01 6.090260e+01 7.126219e-02 9.973653e-01 -1.356965e-02 -1.711401e+00 -1.993603e-01 2.757148e-02 9.795383e-01 1.084948e+02
9.781178e-01 -6.327518e-02 1.981964e-01 6.105077e+01 6.838329e-02 9.974776e-01 -1.902827e-02 -1.734214e+00 -1.964925e-01 3.216522e-02 9.799776e-01 1.092100e+02
9.786856e-01 -6.358215e-02 1.952739e-01 6.117382e+01 6.965512e-02 9.972731e-01 -2.438466e-02 -1.752609e+00 -1.931910e-01 3.746674e-02 9.804456e-01 1.099608e+02
9.793252e-01 -6.547029e-02 1.914046e-01 6.132174e+01 7.197626e-02 9.970346e-01 -2.723041e-02 -1.769466e+00 -1.890542e-01 4.044401e-02 9.811334e-01 1.107241e+02
9.799038e-01 -6.771870e-02 1.876240e-01 6.146411e+01 7.368598e-02 9.969679e-01 -2.500641e-02 -1.804997e+00 -1.853617e-01 3.832913e-02 9.819226e-01 1.114943e+02
9.801171e-01 -7.323102e-02 1.844115e-01 6.158588e+01 7.857679e-02 9.966688e-01 -2.183916e-02 -1.858309e+00 -1.821979e-01 3.589539e-02 9.826065e-01 1.122445e+02
9.803813e-01 -7.427432e-02 1.825811e-01 6.172706e+01 7.910138e-02 9.966799e-01 -1.928893e-02 -1.882562e+00 -1.805423e-01 3.335292e-02 9.830016e-01 1.130443e+02
9.803157e-01 -7.743548e-02 1.816176e-01 6.186636e+01 8.178058e-02 9.965130e-01 -1.654754e-02 -1.909846e+00 -1.797029e-01 3.107460e-02 9.832300e-01 1.138579e+02
9.799928e-01 -8.244210e-02 1.811558e-01 6.202095e+01 8.652843e-02 9.961401e-01 -1.475722e-02 -1.925420e+00 -1.792400e-01 3.013710e-02 9.833437e-01 1.146667e+02
