9.999942e-01 -6.530675e-04 3.345892e-03 -7.468704e-02 6.557870e-04 9.999995e-01 -8.117289e-04 -2.955859e-02 -3.345360e-03 8.139183e-04 9.999941e-01 1.420496e+00
9.999887e-01 -1.169853e-03 4.607816e-03 -5.441980e-02 1.185057e-03 9.999939e-01 -3.298421e-03 -3.130995e-02 -4.603929e-03 3.303844e-03 9.999839e-01 2.815467e+00
9.999816e-01 -3.262702e-04 6.063523e-03 -3.454236e-02 3.533267e-04 9.999900e-01 -4.461639e-03 -5.900978e-02 -6.062007e-03 4.463699e-03 9.999717e-01 4.217482e+00
9.999640e-01 7.124943e-04 8.451424e-03 -2.552442e-02 -6.779835e-04 9.999914e-01 -4.085589e-03 -8.019461e-02 -8.454262e-03 4.079712e-03 9.999559e-01 5.583829e+00
9.999260e-01 8.604080e-04 1.213255e-02 -5.134256e-02 -8.321856e-04 9.999969e-01 -2.331028e-03 -1.011287e-01 -1.213452e-02 2.320759e-03 9.999237e-01 6.935554e+00
9.998762e-01 6.846045e-04 1.572228e-02 -4.983538e-02 -6.446732e-04 9.999966e-01 -2.544719e-03 -1.117156e-01 -1.572397e-02 2.534268e-03 9.998732e-01 8.240202e+00
9.998352e-01 2.037330e-03 1.803860e-02 -1.225073e-02 -1.953554e-03 9.999872e-01 -4.660694e-03 -1.191294e-01 -1.804786e-02 4.624687e-03 9.998264e-01 9.519722e+00
9.997897e-01 3.548105e-03 2.019844e-02 4.520964e-02 -3.413869e-03 9.999719e-01 -6.676488e-03 -1.310967e-01 -2.022156e-02 6.606129e-03 9.997737e-01 1.080500e+01
9.996992e-01 4.687328e-03 2.407562e-02 4.875718e-02 -4.569270e-03 9.999773e-01 -4.956311e-03 -1.629638e-01 -2.409830e-02 4.844812e-03 9.996979e-01 1.215159e+01
9.995875e-01 4.946741e-03 2.828894e-02 7.126562e-02 -4.891739e-03 9.999860e-01 -2.013179e-03 -1.979565e-01 -2.829850e-02 1.873966e-03 9.995978e-01 1.345988e+01
9.994246e-01 4.838869e-03 3.357293e-02 4.838265e-02 -4.815744e-03 9.999881e-01 -7.696041e-04 -2.015449e-01 -3.357625e-02 6.074826e-04 9.994360e-01 1.477009e+01
9.992865e-01 4.133722e-03 3.754197e-02 6.885510e-02 -4.042857e-03 9.999887e-01 -2.495959e-03 -2.154696e-01 -3.755187e-02 2.342401e-03 9.992919e-01 1.609389e+01
9.991903e-01 2.956008e-03 4.012376e-02 1.488501e-01 -2.784192e-03 9.999867e-01 -4.337337e-03 -2.367860e-01 -4.013605e-02 4.222113e-03 9.991853e-01 1.740596e+01
9.990336e-01 2.731006e-03 4.386788e-02 1.936024e-01 -2.527004e-03 9.999857e-01 -4.705155e-03 -2.641920e-01 -4.388010e-02 4.589753e-03 9.990263e-01 1.869900e+01
9.988538e-01 3.654587e-03 4.772476e-02 2.481379e-01 -3.377098e-03 9.999769e-01 -5.893688e-03 -2.748613e-01 -4.774520e-02 5.725762e-03 9.988431e-01 1.993046e+01
9.987228e-01 3.654891e-03 5.039171e-02 3.280661e-01 -3.325812e-03 9.999726e-01 -6.612725e-03 -3.093744e-01 -5.041449e-02 6.436686e-03 9.987076e-01 2.119790e+01
9.986713e-01 4.445490e-03 5.134088e-02 4.436492e-01 -4.000811e-03 9.999536e-01 -8.760822e-03 -3.128124e-01 -5.137745e-02 8.543776e-03 9.986428e-01 2.246119e+01
9.985665e-01 5.315167e-03 5.326001e-02 5.287218e-01 -4.828177e-03 9.999454e-01 -9.268122e-03 -3.351435e-01 -5.330637e-02 8.997687e-03 9.985377e-01 2.368614e+01
9.985145e-01 7.111766e-03 5.402142e-02 6.332325e-01 -6.654504e-03 9.999405e-01 -8.639616e-03 -3.629423e-01 -5.407965e-02 8.267296e-03 9.985024e-01 2.491259e+01
9.984373e-01 7.278987e-03 5.540645e-02 7.307132e-01 -6.821521e-03 9.999411e-01 -8.441201e-03 -3.821565e-01 -5.546463e-02 8.050054e-03 9.984282e-01 2.614287e+01
9.984227e-01 8.457135e-03 5.550275e-02 8.425892e-01 -7.947366e-03 9.999242e-01 -9.398874e-03 -4.043028e-01 -5.557803e-02 8.942948e-03 9.984143e-01 2.737309e+01
9.983324e-01 8.282844e-03 5.712976e-02 9.387126e-01 -7.769885e-03 9.999275e-01 -9.195134e-03 -4.393267e-01 -5.720178e-02 8.735909e-03 9.983244e-01 2.862541e+01
9.983324e-01 8.282931e-03 5.712977e-02 9.387117e-01 -7.769974e-03 9.999275e-01 -9.195100e-03 -4.393289e-01 -5.720180e-02 8.735870e-03 9.983244e-01 2.862541e+01
9.982065e-01 6.887391e-03 5.946780e-02 1.004504e+00 -6.333891e-03 9.999349e-01 -9.491057e-03 -4.580137e-01 -5.952930e-02 9.097372e-03 9.981851e-01 2.985422e+01
9.979944e-01 1.159283e-02 6.223106e-02 1.080853e+00 -1.109440e-02 9.999036e-01 -8.348910e-03 -5.244396e-01 -6.232185e-02 7.641750e-03 9.980268e-01 3.087170e+01
9.978151e-01 9.967151e-03 6.531231e-02 1.137810e+00 -9.551818e-03 9.999321e-01 -6.668368e-03 -5.524897e-01 -6.537435e-02 6.029947e-03 9.978426e-01 3.210235e+01
9.977090e-01 7.727577e-03 6.720883e-02 1.223843e+00 -7.326163e-03 9.999538e-01 -6.217059e-03 -5.791581e-01 -6.725377e-02 5.710433e-03 9.977196e-01 3.331582e+01
9.976575e-01 4.048336e-03 6.828650e-02 1.263503e+00 -3.528299e-03 9.999639e-01 -7.734401e-03 -5.830562e-01 -6.831534e-02 7.475349e-03 9.976358e-01 3.424224e+01
9.975051e-01 9.609912e-03 6.993736e-02 1.457495e+00 -9.109366e-03 9.999306e-01 -7.472477e-03 -7.331881e-01 -7.000432e-02 6.816749e-03 9.975234e-01 3.497261e+01
9.973264e-01 8.734797e-03 7.255125e-02 1.528225e+00 -8.257553e-03 9.999423e-01 -6.875373e-03 -7.683125e-01 -7.260712e-02 6.257896e-03 9.973410e-01 3.617075e+01
9.973666e-01 9.439206e-03 7.190773e-02 1.546974e+00 -9.092064e-03 9.999454e-01 -5.153402e-03 -8.072041e-01 -7.195244e-02 4.486042e-03 9.973980e-01 3.636790e+01
9.972135e-01 7.199110e-03 7.425292e-02 1.630232e+00 -6.844847e-03 9.999640e-01 -5.024418e-03 -8.430135e-01 -7.428642e-02 4.502167e-03 9.972268e-01 3.754052e+01
9.970824e-01 6.467784e-03 7.605840e-02 1.722602e+00 -6.039604e-03 9.999646e-01 -5.858292e-03 -8.643081e-01 -7.609360e-02 5.381837e-03 9.970862e-01 3.872611e+01
9.969186e-01 5.722897e-03 7.823360e-02 1.810486e+00 -5.305594e-03 9.999706e-01 -5.540878e-03 -8.849068e-01 -7.826301e-02 5.108729e-03 9.969197e-01 3.991859e+01
9.967454e-01 6.559706e-03 8.034606e-02 1.903090e+00 -6.018513e-03 9.999576e-01 -6.976090e-03 -8.646504e-01 -8.038841e-02 6.469823e-03 9.967426e-01 4.114368e+01
9.965351e-01 5.352860e-03 8.300075e-02 1.985568e+00 -4.821825e-03 9.999666e-01 -6.597082e-03 -8.956517e-01 -8.303330e-02 6.174008e-03 9.965276e-01 4.233952e+01
9.963259e-01 4.307166e-03 8.553469e-02 2.068701e+00 -3.708019e-03 9.999675e-01 -7.162373e-03 -9.140181e-01 -8.556276e-02 6.818893e-03 9.963094e-01 4.353556e+01
9.961403e-01 3.433877e-03 8.770756e-02 2.209772e+00 -2.792753e-03 9.999685e-01 -7.431461e-03 -9.349465e-01 -8.773031e-02 7.157833e-03 9.961185e-01 4.478218e+01
9.959670e-01 1.853901e-03 8.970082e-02 2.320560e+00 -1.112601e-03 9.999648e-01 -8.313431e-03 -9.633105e-01 -8.971308e-02 8.180102e-03 9.959341e-01 4.597225e+01
9.955957e-01 1.713390e-03 9.373555e-02 2.363745e+00 -8.578523e-04 9.999576e-01 -9.166678e-03 -9.805651e-01 -9.374728e-02 9.045893e-03 9.955549e-01 4.717881e+01
9.953608e-01 9.112469e-04 9.620841e-02 2.458108e+00 -3.262172e-05 9.999583e-01 -9.133697e-03 -9.994586e-01 -9.621272e-02 9.088185e-03 9.953193e-01 4.835145e+01
9.951495e-01 1.510802e-03 9.836237e-02 2.572197e+00 -6.519631e-04 9.999614e-01 -8.762937e-03 -1.032116e+00 -9.837182e-02 8.656304e-03 9.951121e-01 4.952936e+01
9.949137e-01 2.099886e-03 1.007089e-01 2.672758e+00 -1.109754e-03 9.999505e-01 -9.886638e-03 -1.050544e+00 -1.007246e-01 9.724590e-03 9.948668e-01 5.070182e+01
9.946599e-01 1.852926e-03 1.031904e-01 2.768369e+00 -8.001684e-04 9.999472e-01 -1.024255e-02 -1.075882e+00 -1.032040e-01 1.010528e-02 9.946089e-01 5.186149e+01
9.944490e-01 2.080462e-03 1.051987e-01 2.886827e+00 -1.060655e-03 9.999519e-01 -9.749122e-03 -1.104219e+00 -1.052140e-01 9.583426e-03 9.944034e-01 5.300983e+01
9.941210e-01 3.215347e-03 1.082268e-01 2.983139e+00 -2.164718e-03 9.999494e-01 -9.823748e-03 -1.135467e+00 -1.082529e-01 9.531714e-03 9.940777e-01 5.416510e+01
9.937672e-01 4.351577e-03 1.113901e-01 3.072790e+00 -3.230523e-03 9.999423e-01 -1.024273e-02 -1.171766e+00 -1.114282e-01 9.819037e-03 9.937240e-01 5.532150e+01
9.933929e-01 5.724621e-03 1.146203e-01 3.160904e+00 -4.532254e-03 9.999329e-01 -1.066066e-02 -1.211755e+00 -1.146736e-01 1.007074e-02 9.933522e-01 5.647042e+01
9.931691e-01 7.799304e-03 1.164227e-01 3.281850e+00 -6.392239e-03 9.999020e-01 -1.245432e-02 -1.246028e+00 -1.165084e-01 1.162505e-02 9.931217e-01 5.759750e+01
9.929653e-01 9.407105e-03 1.180312e-01 3.411538e+00 -7.726441e-03 9.998623e-01 -1.468866e-02 -1.269590e+00 -1.181531e-01 1.367337e-02 9.929012e-01 5.873177e+01
9.927961e-01 8.245465e-03 1.195321e-01 3.541531e+00 -6.447825e-03 9.998603e-01 -1.541793e-02 -1.298962e+00 -1.196425e-01 1.453614e-02 9.927106e-01 5.983903e+01
9.926650e-01 1.030815e-02 1.204574e-01 3.671198e+00 -8.392733e-03 9.998303e-01 -1.639776e-02 -1.338553e+00 -1.206059e-01 1.526652e-02 9.925831e-01 6.094353e+01
9.925677e-01 9.980257e-03 1.212837e-01 3.812299e+00 -8.087453e-03 9.998379e-01 -1.608868e-02 -1.369873e+00 -1.214246e-01 1.498823e-02 9.924875e-01 6.201622e+01
9.924844e-01 1.011122e-02 1.219530e-01 3.944316e+00 -8.522591e-03 9.998720e-01 -1.354117e-02 -1.411381e+00 -1.220743e-01 1.240004e-02 9.924435e-01 6.310613e+01
9.923770e-01 1.026829e-02 1.228108e-01 4.081140e+00 -8.826313e-03 9.998856e-01 -1.227976e-02 -1.448552e+00 -1.229228e-01 1.110219e-02 9.923541e-01 6.418670e+01
9.922832e-01 1.061089e-02 1.235374e-01 4.202562e+00 -9.023836e-03 9.998695e-01 -1.339918e-02 -1.494094e+00 -1.236635e-01 1.218100e-02 9.922494e-01 6.526040e+01
9.922520e-01 9.885320e-03 1.238474e-01 4.329804e+00 -8.078223e-03 9.998536e-01 -1.508500e-02 -1.523735e+00 -1.239784e-01 1.396766e-02 9.921866e-01 6.631429e+01
9.921700e-01 9.735992e-03 1.245144e-01 4.438229e+00 -7.927752e-03 9.998559e-01 -1.500961e-02 -1.550952e+00 -1.246426e-01 1.390496e-02 9.921043e-01 6.736318e+01
9.921138e-01 9.649280e-03 1.249686e-01 4.542967e+00 -7.882596e-03 9.998620e-01 -1.462380e-02 -1.584233e+00 -1.250925e-01 1.352340e-02 9.920529e-01 6.839897e+01
9.922059e-01 9.528124e-03 1.242446e-01 4.695109e+00 -7.796880e-03 9.998657e-01 -1.441298e-02 -1.610341e+00 -1.243653e-01 1.333192e-02 9.921469e-01 6.942572e+01
9.921057e-01 9.641886e-03 1.250331e-01 4.817660e+00 -7.938509e-03 9.998689e-01 -1.411452e-02 -1.655310e+00 -1.251528e-01 1.301052e-02 9.920522e-01 7.047061e+01
9.921492e-01 9.387786e-03 1.247066e-01 4.960214e+00 -7.640168e-03 9.998659e-01 -1.448472e-02 -1.691749e+00 -1.248259e-01 1.341822e-02 9.920879e-01 7.149011e+01
9.922307e-01 9.785030e-03 1.240264e-01 5.093628e+00 -7.994281e-03 9.998566e-01 -1.492791e-02 -1.726211e+00 -1.241547e-01 1.382043e-02 9.921666e-01 7.248779e+01
9.922883e-01 8.909923e-03 1.236304e-01 5.215404e+00 -7.046982e-03 9.998551e-01 -1.549775e-02 -1.748841e+00 -1.237506e-01 1.450702e-02 9.922073e-01 7.348051e+01
9.923907e-01 9.959737e-03 1.227256e-01 5.344099e+00 -8.055248e-03 9.998395e-01 -1.600469e-02 -1.784117e+00 -1.228653e-01 1.489431e-02 9.923116e-01 7.446899e+01
9.925359e-01 9.840489e-03 1.215552e-01 5.466611e+00 -7.910141e-03 9.998350e-01 -1.635279e-02 -1.822090e+00 -1.216960e-01 1.526922e-02 9.924500e-01 7.543517e+01
9.927086e-01 1.010480e-02 1.201150e-01 5.586454e+00 -8.140767e-03 9.998252e-01 -1.683077e-02 -1.858200e+00 -1.202641e-01 1.573022e-02 9.926173e-01 7.638186e+01
9.928852e-01 1.091529e-02 1.185744e-01 5.788765e+00 -8.824967e-03 9.997965e-01 -1.813956e-02 -1.919888e+00 -1.187483e-01 1.696409e-02 9.927795e-01 7.738241e+01
9.929571e-01 1.201461e-02 1.178634e-01 5.893832e+00 -9.742823e-03 9.997559e-01 -1.983206e-02 -1.946189e+00 -1.180729e-01 1.854406e-02 9.928318e-01 7.834327e+01
9.929708e-01 1.244453e-02 1.177037e-01 5.994253e+00 -1.012826e-02 9.997435e-01 -2.025656e-02 -1.984977e+00 -1.179256e-01 1.892204e-02 9.928421e-01 7.930307e+01
9.930772e-01 1.403472e-02 1.166219e-01 6.102016e+00 -1.188491e-02 9.997468e-01 -1.910905e-02 -2.014835e+00 -1.168605e-01 1.759073e-02 9.929925e-01 8.022761e+01
9.930384e-01 1.497038e-02 1.168356e-01 6.180015e+00 -1.296507e-02 9.997556e-01 -1.790472e-02 -2.040601e+00 -1.170750e-01 1.626530e-02 9.929899e-01 8.116138e+01
9.930739e-01 1.600990e-02 1.163957e-01 6.289853e+00 -1.418579e-02 9.997635e-01 -1.648318e-02 -2.066929e+00 -1.166321e-01 1.471785e-02 9.930661e-01 8.209146e+01
9.930989e-01 1.771953e-02 1.159335e-01 6.401220e+00 -1.597338e-02 9.997448e-01 -1.597348e-02 -2.104549e+00 -1.161869e-01 1.401140e-02 9.931285e-01 8.301283e+01
9.930759e-01 1.863639e-02 1.159868e-01 6.422226e+00 -1.687189e-02 9.997268e-01 -1.617626e-02 -2.136293e+00 -1.162566e-01 1.410734e-02 9.931190e-01 8.375678e+01
9.931197e-01 1.862729e-02 1.156124e-01 6.500345e+00 -1.686175e-02 9.997261e-01 -1.623050e-02 -2.178104e+00 -1.158830e-01 1.416941e-02 9.931618e-01 8.460798e+01
9.931090e-01 1.884069e-02 1.156702e-01 6.588168e+00 -1.721885e-02 9.997392e-01 -1.500459e-02 -2.190285e+00 -1.159227e-01 1.290948e-02 9.931743e-01 8.550195e+01
9.931732e-01 1.926299e-02 1.150476e-01 6.714348e+00 -1.786485e-02 9.997536e-01 -1.317153e-02 -2.212345e+00 -1.152730e-01 1.102630e-02 9.932727e-01 8.640300e+01
9.932435e-01 1.916422e-02 1.144554e-01 6.825064e+00 -1.790788e-02 9.997677e-01 -1.199493e-02 -2.244389e+00 -1.146586e-01 9.864236e-03 9.933560e-01 8.726726e+01
9.933152e-01 1.962004e-02 1.137536e-01 6.941214e+00 -1.838179e-02 9.997599e-01 -1.192419e-02 -2.268553e+00 -1.139603e-01 9.753487e-03 9.934374e-01 8.814487e+01
9.934170e-01 1.819413e-02 1.131003e-01 7.048687e+00 -1.691327e-02 9.997816e-01 -1.227437e-02 -2.287127e+00 -1.132989e-01 1.028067e-02 9.935078e-01 8.900549e+01
9.934798e-01 1.643762e-02 1.128169e-01 7.141665e+00 -1.510697e-02 9.998060e-01 -1.263955e-02 -2.303901e+00 -1.130027e-01 1.085282e-02 9.935354e-01 8.987061e+01
9.935293e-01 1.635434e-02 1.123923e-01 7.225212e+00 -1.494774e-02 9.997992e-01 -1.334640e-02 -2.344124e+00 -1.125880e-01 1.158003e-02 9.935743e-01 9.067154e+01
9.936111e-01 1.632139e-02 1.116721e-01 7.327107e+00 -1.482871e-02 9.997894e-01 -1.418428e-02 -2.365736e+00 -1.118801e-01 1.243771e-02 9.936439e-01 9.147936e+01
9.936767e-01 1.558618e-02 1.111921e-01 7.409036e+00 -1.395283e-02 9.997832e-01 -1.545247e-02 -2.355229e+00 -1.114088e-01 1.380331e-02 9.936788e-01 9.224051e+01
9.937569e-01 1.500516e-02 1.105530e-01 7.504255e+00 -1.341089e-02 9.997953e-01 -1.515035e-02 -2.382261e+00 -1.107577e-01 1.357315e-02 9.937547e-01 9.302474e+01
9.938181e-01 1.477116e-02 1.100339e-01 7.595716e+00 -1.322528e-02 9.998035e-01 -1.476570e-02 -2.396398e+00 -1.102304e-01 1.321919e-02 9.938181e-01 9.379334e+01
9.939409e-01 1.415838e-02 1.090003e-01 7.683069e+00 -1.272954e-02 9.998238e-01 -1.379331e-02 -2.437093e+00 -1.091764e-01 1.232221e-02 9.939460e-01 9.456557e+01
9.940122e-01 1.327022e-02 1.084602e-01 7.768922e+00 -1.178246e-02 9.998277e-01 -1.434648e-02 -2.460076e+00 -1.086319e-01 1.298265e-02 9.939973e-01 9.530830e+01
9.941093e-01 1.336860e-02 1.075545e-01 7.881662e+00 -1.182727e-02 9.998182e-01 -1.495583e-02 -2.483287e+00 -1.077349e-01 1.359565e-02 9.940867e-01 9.605713e+01
9.942440e-01 1.359390e-02 1.062740e-01 8.027518e+00 -1.208571e-02 9.998171e-01 -1.482274e-02 -2.507526e+00 -1.064560e-01 1.345303e-02 9.942264e-01 9.672854e+01
9.942358e-01 1.136119e-02 1.066123e-01 8.113180e+00 -9.939822e-03 9.998546e-01 -1.385402e-02 -2.536554e+00 -1.067542e-01 1.271445e-02 9.942041e-01 9.743527e+01
9.941524e-01 1.100398e-02 1.074242e-01 8.182001e+00 -9.749457e-03 9.998781e-01 -1.219640e-02 -2.564906e+00 -1.075453e-01 1.107775e-02 9.941385e-01 9.813537e+01
9.941618e-01 9.968800e-03 1.074377e-01 8.316391e+00 -8.814042e-03 9.998982e-01 -1.121768e-02 -2.592737e+00 -1.075386e-01 1.020523e-02 9.941485e-01 9.886236e+01
9.941524e-01 1.006991e-02 1.075152e-01 8.408415e+00 -8.951213e-03 9.999007e-01 -1.088254e-02 -2.613143e+00 -1.076141e-01 9.856516e-03 9.941439e-01 9.953528e+01
9.941261e-01 9.773037e-03 1.077854e-01 8.496938e+00 -8.719092e-03 9.999095e-01 -1.024513e-02 -2.639106e+00 -1.078758e-01 9.245160e-03 9.941214e-01 1.002085e+02
9.940522e-01 8.496820e-03 1.085725e-01 8.565881e+00 -7.477456e-03 9.999241e-01 -9.792477e-03 -2.658754e+00 -1.086475e-01 8.922388e-03 9.940403e-01 1.008517e+02
9.939089e-01 7.266094e-03 1.099647e-01 8.610621e+00 -6.241332e-03 9.999339e-01 -9.660351e-03 -2.673824e+00 -1.100277e-01 8.915182e-03 9.938885e-01 1.014742e+02
9.938073e-01 6.253274e-03 1.109409e-01 8.666843e+00 -5.313872e-03 9.999475e-01 -8.761249e-03 -2.695547e+00 -1.109899e-01 8.117468e-03 9.937884e-01 1.021047e+02
9.937588e-01 6.026025e-03 1.113871e-01 8.738657e+00 -5.140508e-03 9.999529e-01 -8.235395e-03 -2.706063e+00 -1.114315e-01 7.611410e-03 9.937430e-01 1.027248e+02
9.937271e-01 6.469147e-03 1.116453e-01 8.799798e+00 -5.546476e-03 9.999479e-01 -8.572918e-03 -2.733331e+00 -1.116949e-01 7.899903e-03 9.937111e-01 1.033205e+02
9.937460e-01 6.014085e-03 1.115019e-01 8.857931e+00 -5.044192e-03 9.999470e-01 -8.978506e-03 -2.753982e+00 -1.115499e-01 8.359917e-03 9.937237e-01 1.038875e+02
9.937403e-01 1.761685e-03 1.117007e-01 8.918583e+00 -8.955953e-04 9.999692e-01 -7.803369e-03 -2.772978e+00 -1.117110e-01 7.654484e-03 9.937113e-01 1.044414e+02
9.937370e-01 -3.216465e-03 1.116978e-01 8.976493e+00 3.890145e-03 9.999755e-01 -5.813847e-03 -2.787993e+00 -1.116764e-01 6.211956e-03 9.937252e-01 1.049871e+02
9.937772e-01 -4.174186e-03 1.113075e-01 9.035545e+00 4.870805e-03 9.999702e-01 -5.987317e-03 -2.804421e+00 -1.112792e-01 6.492217e-03 9.937680e-01 1.055127e+02
9.936986e-01 -6.486913e-04 1.120835e-01 9.047884e+00 1.511781e-03 9.999699e-01 -7.615598e-03 -2.818829e+00 -1.120752e-01 7.737055e-03 9.936696e-01 1.060214e+02
9.937261e-01 3.868878e-03 1.117743e-01 9.089696e+00 -2.826488e-03 9.999510e-01 -9.482809e-03 -2.842343e+00 -1.118055e-01 9.107386e-03 9.936884e-01 1.065107e+02
